5
5 5 5 5 5 5 5 5 8 8 8 5 5 5 5 5 5 5 5 5 8 8 8 5 5 5 5 5 5 5 
5 5 5 5 5 5 5 5 8 3 3 8 8 5 3 5 3 5 8 8 3 3 8 5 5 5 5 5 5 5 
5 5 5 5 5 5 5 5 8 3 3 3 3 3 3 3 3 3 3 3 3 3 8 5 5 5 5 5 5 5 
5 5 5 5 5 5 5 5 5 8 8 3 3 3 3 3 3 3 3 3 8 8 5 5 5 5 5 5 5 5 
5 5 5 5 5 5 5 5 5 5 5 3 8 7 3 3 3 7 8 3 5 5 5 5 5 5 5 5 5 5 
5 5 5 5 5 5 5 5 5 5 5 3 3 8 3 3 3 8 3 3 5 5 5 5 5 5 5 5 5 5 
5 5 5 5 5 5 5 5 5 5 5 3 3 3 3 8 3 3 3 3 5 5 5 5 5 5 5 5 5 5 
5 5 5 5 5 5 5 5 5 5 5 2 2 3 8 3 8 3 2 2 5 5 5 5 5 5 5 5 5 5 
5 5 5 5 5 5 5 5 5 5 5 2 3 3 3 8 3 3 3 2 5 5 5 5 5 5 5 5 5 5 
5 5 5 5 5 5 5 5 5 5 5 5 5 3 3 3 3 3 5 5 5 5 5 5 5 5 5 5 5 5 